"","FECHA_INGRESO","RESULTADO","RESULTADO_ACUM","RESULTADO7D","RESULTADO_ACUM7D"
"1","2020-03-10",2,2,0,0
"2","2020-03-11",1,3,0,0
"3","2020-03-12",1,4,0,0
"4","2020-03-13",2,6,0,0
"5","2020-03-14",1,7,0,0
"6","2020-03-17",2,9,0,0
"7","2020-03-18",2,11,0,0
"8","2020-03-19",3,14,2,8
"9","2020-03-21",1,15,1.85714285714286,9.85714285714286
"10","2020-03-23",3,18,2.14285714285714,12
"11","2020-03-24",4,22,2.57142857142857,14.5714285714286
"12","2020-03-25",2,24,2.57142857142857,17.1428571428571
"13","2020-03-26",1,25,2.57142857142857,19.7142857142857
"14","2020-03-27",4,29,2.85714285714286,22.5714285714286
"15","2020-03-28",2,31,2.85714285714286,25.4285714285714
"16","2020-03-29",1,32,2.57142857142857,28
"17","2020-03-30",1,33,2.57142857142857,30.5714285714286
"18","2020-03-31",4,37,2.71428571428571,33.2857142857143
"19","2020-04-01",3,40,2.57142857142857,35.8571428571429
"20","2020-04-02",1,41,2.42857142857143,38.2857142857143
"21","2020-04-03",4,45,2.85714285714286,41.1428571428571
"22","2020-04-04",1,46,2.42857142857143,43.5714285714286
"23","2020-04-06",4,50,2.71428571428571,46.2857142857143
"24","2020-04-07",5,55,3.28571428571429,49.5714285714286
"25","2020-04-08",3,58,3.57142857142857,53.1428571428571
"26","2020-04-09",3,61,3.42857142857143,56.5714285714286
"27","2020-04-10",2,63,3.28571428571429,59.8571428571429
"28","2020-04-11",3,66,3.57142857142857,63.4285714285714
"29","2020-04-12",1,67,3.14285714285714,66.5714285714286
"30","2020-04-13",8,75,4.14285714285714,70.7142857142857
"31","2020-04-14",8,83,4.71428571428571,75.4285714285714
"32","2020-04-15",2,85,4.28571428571429,79.7142857142857
"33","2020-04-16",6,91,4.71428571428571,84.4285714285714
"34","2020-04-17",5,96,5,89.4285714285714
"35","2020-04-18",2,98,5,94.4285714285714
"36","2020-04-19",2,100,4.85714285714286,99.2857142857143
"37","2020-04-20",5,105,5.42857142857143,104.714285714286
"38","2020-04-21",2,107,4.57142857142857,109.285714285714
"39","2020-04-22",7,114,4.42857142857143,113.714285714286
"40","2020-04-23",9,123,5.42857142857143,119.142857142857
"41","2020-04-24",10,133,6,125.142857142857
"42","2020-04-25",1,134,5.42857142857143,130.571428571429
"43","2020-04-26",2,136,5.42857142857143,136
"44","2020-04-27",3,139,5.57142857142857,141.571428571429
"45","2020-04-28",9,148,6.14285714285714,147.714285714286
"46","2020-04-29",12,160,7.57142857142857,155.285714285714
"47","2020-04-30",6,166,7.42857142857143,162.714285714286
"48","2020-05-01",8,174,7.28571428571429,170
"49","2020-05-02",12,186,7.57142857142857,177.571428571429
"50","2020-05-03",4,190,8,185.571428571429
"51","2020-05-04",10,200,9.14285714285714,194.714285714286
"52","2020-05-05",10,210,10.1428571428571,204.857142857143
"53","2020-05-06",9,219,10.1428571428571,215
"54","2020-05-07",14,233,10.4285714285714,225.428571428571
"55","2020-05-08",26,259,13.2857142857143,238.714285714286
"56","2020-05-09",26,285,15.8571428571429,254.571428571429
"57","2020-05-10",19,304,16.8571428571429,271.428571428571
"58","2020-05-11",47,351,23,294.428571428571
"59","2020-05-12",34,385,26.4285714285714,320.857142857143
"60","2020-05-13",29,414,29.1428571428571,350
"61","2020-05-14",41,455,33.7142857142857,383.714285714286
"62","2020-05-15",49,504,38.7142857142857,422.428571428571
"63","2020-05-16",28,532,39,461.428571428571
"64","2020-05-17",17,549,37.7142857142857,499.142857142857
"65","2020-05-18",47,596,41.7142857142857,540.857142857143
"66","2020-05-19",61,657,43.7142857142857,584.571428571429
"67","2020-05-20",42,699,44.8571428571429,629.428571428571
"68","2020-05-21",37,736,46,675.428571428571
"69","2020-05-22",34,770,45,720.428571428571
"70","2020-05-23",22,792,41.1428571428571,761.571428571429
"71","2020-05-24",12,804,38.8571428571429,800.428571428571
"72","2020-05-25",51,855,43.7142857142857,844.142857142857
"73","2020-05-26",38,893,42.4285714285714,886.571428571429
"74","2020-05-27",36,929,38.8571428571429,925.428571428571
"75","2020-05-28",31,960,37.2857142857143,962.714285714286
"76","2020-05-29",37,997,37.2857142857143,1000
"77","2020-05-30",28,1025,36.4285714285714,1036.42857142857
"78","2020-05-31",21,1046,36.2857142857143,1072.71428571429
"79","2020-06-01",40,1086,40.2857142857143,1113
"80","2020-06-02",49,1135,40,1153
"81","2020-06-03",47,1182,41.2857142857143,1194.28571428571
"82","2020-06-04",44,1226,42.4285714285714,1236.71428571429
"83","2020-06-05",39,1265,43.5714285714286,1280.28571428571
"84","2020-06-06",30,1295,42.5714285714286,1322.85714285714
"85","2020-06-07",28,1323,42.5714285714286,1365.42857142857
"86","2020-06-08",52,1375,47,1412.42857142857
"87","2020-06-09",43,1418,47.4285714285714,1459.85714285714
"88","2020-06-10",39,1457,46,1505.85714285714
"89","2020-06-11",33,1490,44,1549.85714285714
"90","2020-06-12",39,1529,43.2857142857143,1593.14285714286
"91","2020-06-13",34,1563,42.5714285714286,1635.71428571429
"92","2020-06-14",22,1585,41.4285714285714,1677.14285714286
"93","2020-06-15",55,1640,45.2857142857143,1722.42857142857
"94","2020-06-16",42,1682,43.8571428571429,1766.28571428571
"95","2020-06-17",39,1721,43.2857142857143,1809.57142857143
"96","2020-06-18",31,1752,42.1428571428571,1851.71428571429
"97","2020-06-19",28,1780,41.4285714285714,1893.14285714286
"98","2020-06-20",24,1804,39.2857142857143,1932.42857142857
"99","2020-06-21",16,1820,36.7142857142857,1969.14285714286
"100","2020-06-22",49,1869,40.5714285714286,2009.71428571429
"101","2020-06-23",35,1904,37.7142857142857,2047.42857142857
"102","2020-06-24",37,1941,37,2084.42857142857
"103","2020-06-25",37,1978,36.7142857142857,2121.14285714286
"104","2020-06-26",45,2023,38.7142857142857,2159.85714285714
"105","2020-06-27",16,2039,37,2196.85714285714
"106","2020-06-28",21,2060,36.5714285714286,2233.42857142857
"107","2020-06-29",52,2112,41.7142857142857,2275.14285714286
"108","2020-06-30",45,2157,41.1428571428571,2316.28571428571
"109","2020-07-01",52,2209,43.5714285714286,2359.85714285714
"110","2020-07-02",49,2258,45.2857142857143,2405.14285714286
"111","2020-07-03",28,2286,44,2449.14285714286
"112","2020-07-04",19,2305,40.2857142857143,2489.42857142857
"113","2020-07-05",32,2337,42.5714285714286,2532
"114","2020-07-06",40,2377,45.2857142857143,2577.28571428571
"115","2020-07-07",59,2436,46.2857142857143,2623.57142857143
"116","2020-07-08",42,2478,45.8571428571429,2669.42857142857
"117","2020-07-09",39,2517,44,2713.42857142857
"118","2020-07-10",27,2544,40.8571428571429,2754.28571428571
"119","2020-07-11",28,2572,40.8571428571429,2795.14285714286
"120","2020-07-12",21,2593,41.1428571428571,2836.28571428571
"121","2020-07-13",6,2599,37.4285714285714,2873.71428571429
