"","FECHA_INGRESO","RESULTADO","RESULTADO_ACUM","RESULTADO7D","RESULTADO_ACUM7D"
"1","2020-02-12",1,1,0,0
"2","2020-03-17",3,4,0,0
"3","2020-03-18",1,5,0,0
"4","2020-03-19",2,7,0,0
"5","2020-03-20",4,11,0,0
"6","2020-03-21",1,12,0,0
"7","2020-03-23",2,14,0,0
"8","2020-03-24",5,19,2.71428571428571,10.4285714285714
"9","2020-03-25",5,24,3.28571428571429,13.7142857142857
"10","2020-03-26",7,31,3.85714285714286,17.5714285714286
"11","2020-03-27",9,40,5,22.5714285714286
"12","2020-03-28",5,45,5.42857142857143,28
"13","2020-03-29",15,60,7,35
"14","2020-03-30",18,78,9.42857142857143,44.4285714285714
"15","2020-03-31",29,107,13.2857142857143,57.7142857142857
"16","2020-04-01",40,147,18.2857142857143,76
"17","2020-04-02",17,164,20,96
"18","2020-04-03",24,188,22.4285714285714,118.428571428571
"19","2020-04-04",22,210,24.2857142857143,142.714285714286
"20","2020-04-05",15,225,25.7142857142857,168.428571428571
"21","2020-04-06",42,267,29.5714285714286,198
"22","2020-04-07",22,289,30.1428571428571,228.142857142857
"23","2020-04-08",32,321,30.5714285714286,258.714285714286
"24","2020-04-09",39,360,30.4285714285714,289.142857142857
"25","2020-04-10",21,381,31,320.142857142857
"26","2020-04-11",12,393,29.2857142857143,349.428571428571
"27","2020-04-12",21,414,29.1428571428571,378.571428571429
"28","2020-04-13",43,457,33.1428571428571,411.714285714286
"29","2020-04-14",51,508,34.4285714285714,446.142857142857
"30","2020-04-15",55,563,39.1428571428571,485.285714285714
"31","2020-04-16",51,614,41.8571428571429,527.142857142857
"32","2020-04-17",43,657,42.4285714285714,569.571428571429
"33","2020-04-18",26,683,43.1428571428571,612.714285714286
"34","2020-04-19",24,707,44.8571428571429,657.571428571429
"35","2020-04-20",64,771,51,708.571428571429
"36","2020-04-21",54,825,52.5714285714286,761.142857142857
"37","2020-04-22",59,884,53.7142857142857,814.857142857143
"38","2020-04-23",45,929,52.2857142857143,867.142857142857
"39","2020-04-24",47,976,51.7142857142857,918.857142857143
"40","2020-04-25",25,1001,49.1428571428571,968
"41","2020-04-26",37,1038,50.7142857142857,1018.71428571429
"42","2020-04-27",54,1092,55,1073.71428571429
"43","2020-04-28",52,1144,53.2857142857143,1127
"44","2020-04-29",49,1193,52.5714285714286,1179.57142857143
"45","2020-04-30",42,1235,50.1428571428571,1229.71428571429
"46","2020-05-01",47,1282,50.4285714285714,1280.14285714286
"47","2020-05-02",40,1322,49.4285714285714,1329.57142857143
"48","2020-05-03",35,1357,50.8571428571429,1380.42857142857
"49","2020-05-04",63,1420,54.5714285714286,1435
"50","2020-05-05",56,1476,54.8571428571429,1489.85714285714
"51","2020-05-06",44,1520,53.7142857142857,1543.57142857143
"52","2020-05-07",41,1561,52.5714285714286,1596.14285714286
"53","2020-05-08",48,1609,53.4285714285714,1649.57142857143
"54","2020-05-09",26,1635,50.4285714285714,1700
"55","2020-05-10",20,1655,47.5714285714286,1747.57142857143
"56","2020-05-11",44,1699,48.8571428571429,1796.42857142857
"57","2020-05-12",32,1731,44.4285714285714,1840.85714285714
"58","2020-05-13",50,1781,43.5714285714286,1884.42857142857
"59","2020-05-14",41,1822,43.1428571428571,1927.57142857143
"60","2020-05-15",38,1860,42.7142857142857,1970.28571428571
"61","2020-05-16",20,1880,38.7142857142857,2009
"62","2020-05-17",29,1909,39.1428571428571,2048.14285714286
"63","2020-05-18",47,1956,43,2091.14285714286
"64","2020-05-19",40,1996,42.4285714285714,2133.57142857143
"65","2020-05-20",39,2035,43.4285714285714,2177
"66","2020-05-21",49,2084,43.2857142857143,2220.28571428571
"67","2020-05-22",30,2114,41.7142857142857,2262
"68","2020-05-23",12,2126,38,2300
"69","2020-05-24",18,2144,37.7142857142857,2337.71428571429
"70","2020-05-25",32,2176,38.1428571428571,2375.85714285714
"71","2020-05-26",29,2205,35.5714285714286,2411.42857142857
"72","2020-05-27",31,2236,34.2857142857143,2445.71428571429
"73","2020-05-28",19,2255,31.4285714285714,2477.14285714286
"74","2020-05-29",22,2277,27.5714285714286,2504.71428571429
"75","2020-05-30",19,2296,26,2530.71428571429
"76","2020-05-31",15,2311,26.4285714285714,2557.14285714286
"77","2020-06-01",18,2329,26.4285714285714,2583.57142857143
"78","2020-06-02",34,2363,26.7142857142857,2610.28571428571
"79","2020-06-03",18,2381,25.1428571428571,2635.42857142857
"80","2020-06-04",22,2403,23.8571428571429,2659.28571428571
"81","2020-06-05",26,2429,24.8571428571429,2684.14285714286
"82","2020-06-06",13,2442,23.5714285714286,2707.71428571429
"83","2020-06-07",12,2454,22.5714285714286,2730.28571428571
"84","2020-06-08",21,2475,23.4285714285714,2753.71428571429
"85","2020-06-09",22,2497,24,2777.71428571429
"86","2020-06-10",16,2513,21.4285714285714,2799.14285714286
"87","2020-06-11",23,2536,22.1428571428571,2821.28571428571
"88","2020-06-12",15,2551,21.1428571428571,2842.42857142857
"89","2020-06-13",6,2557,18.2857142857143,2860.71428571429
"90","2020-06-14",11,2568,18,2878.71428571429
"91","2020-06-15",42,2610,22.2857142857143,2901
"92","2020-06-16",45,2655,25.7142857142857,2926.71428571429
"93","2020-06-17",28,2683,26.5714285714286,2953.28571428571
"94","2020-06-18",16,2699,26.5714285714286,2979.85714285714
"95","2020-06-19",37,2736,28.5714285714286,3008.42857142857
"96","2020-06-20",11,2747,28,3036.42857142857
"97","2020-06-21",10,2757,28.5714285714286,3065
"98","2020-06-22",54,2811,34.7142857142857,3099.71428571429
"99","2020-06-23",35,2846,33.7142857142857,3133.42857142857
"100","2020-06-24",36,2882,32.4285714285714,3165.85714285714
"101","2020-06-25",28,2910,32.4285714285714,3198.28571428571
"102","2020-06-26",38,2948,35.5714285714286,3233.85714285714
"103","2020-06-27",26,2974,34,3267.85714285714
"104","2020-06-28",11,2985,34,3301.85714285714
"105","2020-06-29",45,3030,39,3340.85714285714
"106","2020-06-30",31,3061,35.7142857142857,3376.57142857143
"107","2020-07-01",36,3097,35.8571428571429,3412.42857142857
"108","2020-07-02",12,3109,32.4285714285714,3444.85714285714
"109","2020-07-03",11,3120,30,3474.85714285714
"110","2020-07-04",5,3125,25.2857142857143,3500.14285714286
"111","2020-07-05",7,3132,22.5714285714286,3522.71428571429
"112","2020-07-06",14,3146,23,3545.71428571429
"113","2020-07-07",30,3176,20.8571428571429,3566.57142857143
"114","2020-07-08",15,3191,18.5714285714286,3585.14285714286
"115","2020-07-09",14,3205,15.4285714285714,3600.57142857143
"116","2020-07-10",4,3209,14.2857142857143,3614.85714285714
"117","2020-07-13",1,3210,12.8571428571429,3627.71428571429
